0.0 3.1 2.0147500000000003 0.7966699999999998 0.8576900000000002 0.8576900000000002 0.0004100000000000004 0.0004300000000000005 0.0004300000000000005 0.0004400000000000005 0.00042000000000000045 0.0004700000000000006 0.00045000000000000053 0.00038000000000000035 0.00042000000000000045 3.063080000000001 3.082199999999999 3.070330000000001 3.0683299999999996 3.0737500000000004 3.06629 3.0544099999999985 3.0647399999999987 3.0760200000000006 3.0738400000000006 2.0150300000000008 2.0149399999999997 2.01521 2.0149700000000004 2.0149500000000002 2.01468 2.01448 2.014410000000001 2.014530000000001 2.014480000000001 0.79669 0.7961700000000004 0.7971399999999996 0.7965999999999998 0.7967799999999996 0.7964100000000002 0.7967699999999999 0.7964999999999999 0.7967800000000002 0.7966900000000002 0.7197100000000007 0.7189700000000002 0.7197100000000001 0.7192400000000003 0.7189100000000006 0.71894 0.7190800000000002 0.7186899999999999 0.6397499999999999 
3.07401 0.0 13.194919999999993 2.140520000000001 3.45907 3.45907 3.0734200000000005 3.1199699999999977 3.07452 3.089280000000001 3.078259999999998 3.0814900000000005 3.096719999999999 3.1116 3.09858 0.003410000000000008 0.0036200000000000086 0.0035300000000000084 0.0034800000000000083 0.0036200000000000086 0.0036000000000000086 0.003400000000000008 0.003410000000000008 0.0034900000000000083 0.0035300000000000084 13.195529999999994 13.183139999999991 13.184610000000001 13.20083 13.206889999999987 13.19134999999999 13.202549999999995 13.203609999999987 13.205319999999999 13.184039999999996 2.2115000000000005 2.211199999999998 2.186940000000001 2.201129999999999 2.214149999999998 2.2167900000000005 2.2087900000000005 2.20269 2.205459999999999 2.2248300000000008 2.645499999999999 2.6210799999999996 2.5933899999999985 2.62476 2.61808 2.6152099999999985 2.602670000000001 2.5958199999999994 2.7806899999999994 
2.0147500000000003 13.187549999999995 0.0 6.22857 4.589549999999995 4.589549999999995 2.0148600000000005 2.0148400000000004 2.015170000000001 2.016820000000001 2.0133300000000003 2.01609 2.0133000000000005 2.0155600000000016 2.0138700000000007 13.209469999999992 13.201940000000008 13.202629999999994 13.20111999999999 13.204949999999991 13.198799999999984 13.20026999999999 13.204519999999974 13.203859999999988 13.202279999999988 0.0029000000000000067 0.0029100000000000068 0.0028300000000000066 0.0028800000000000067 0.0028700000000000067 0.0028400000000000066 0.0028700000000000067 0.0027300000000000063 0.002930000000000007 0.0028900000000000067 6.26589 6.231339999999996 6.265009999999995 6.2303399999999955 6.2677599999999964 6.226820000000004 6.22683 6.227710000000002 6.240370000000007 6.265679999999997 4.795619999999998 4.796189999999995 4.662519999999997 4.7966199999999946 5.358849999999995 5.351899999999999 4.664819999999998 4.934919999999995 4.331779999999996 
0.7966699999999998 2.140520000000001 6.230809999999999 0.0 0.4472 0.4472 0.7963899999999998 0.79482 0.7967499999999998 0.7971400000000001 0.7955800000000001 0.7960699999999998 0.7983799999999996 0.7959699999999998 0.7966299999999998 2.144019999999999 2.1237699999999995 2.15417 2.123320000000002 2.13024 2.0991499999999994 2.1455599999999997 2.0967100000000016 2.150899999999999 2.16332 6.237279999999998 6.226300000000001 6.227129999999999 6.2465800000000025 6.261489999999999 6.230250000000004 6.252609999999998 6.231399999999996 6.2325300000000015 6.228049999999996 0.0017000000000000038 0.001770000000000004 0.001770000000000004 0.0016900000000000038 0.001780000000000004 0.001800000000000004 0.001750000000000004 0.0017300000000000039 0.001810000000000004 0.001740000000000004 0.08118999999999986 0.07730999999999989 0.08001999999999983 0.07554000000000023 0.07527000000000024 0.07887999999999978 0.07526000000000019 0.07855999999999981 0.10431999999999994 
0.8576900000000002 3.47072 4.454509999999996 0.4449600000000004 0.0 0.0 0.8576600000000003 0.8568399999999997 0.8579600000000006 0.8581400000000001 0.8570599999999995 0.8576000000000004 0.8587099999999998 0.8573199999999999 0.8576200000000003 3.5124899999999992 3.5148400000000004 3.4941199999999997 3.4531300000000003 3.4683399999999955 3.4487999999999994 3.4848799999999986 3.4904499999999987 3.5042799999999987 3.49775 4.456349999999995 4.456789999999995 4.456909999999999 4.4563099999999976 4.456219999999999 4.455619999999999 4.588169999999989 4.454009999999995 4.453699999999997 4.455289999999997 0.45197000000000004 0.4524199999999998 0.45067999999999997 0.4499999999999996 0.4522399999999999 0.4466699999999999 0.44878999999999997 0.4476 0.44986000000000004 0.45288 0.32054000000000005 0.32105999999999996 0.3211299999999999 0.32095999999999997 0.32161999999999996 0.32054000000000005 0.3215799999999999 0.32099000000000005 0.2930199999999999 
0.8576900000000002 3.47072 4.454509999999996 0.4449600000000004 0.0 0.0 0.8576600000000003 0.8568399999999997 0.8579600000000006 0.8581400000000001 0.8570599999999995 0.8576000000000004 0.8587099999999998 0.8573199999999999 0.8576200000000003 3.5124899999999992 3.5148400000000004 3.4941199999999997 3.4531300000000003 3.4683399999999955 3.4487999999999994 3.4848799999999986 3.4904499999999987 3.5042799999999987 3.49775 4.456349999999995 4.456789999999995 4.456909999999999 4.4563099999999976 4.456219999999999 4.455619999999999 4.588169999999989 4.454009999999995 4.453699999999997 4.455289999999997 0.45197000000000004 0.4524199999999998 0.45067999999999997 0.4499999999999996 0.4522399999999999 0.4466699999999999 0.44878999999999997 0.4476 0.44986000000000004 0.45288 0.32054000000000005 0.32105999999999996 0.3211299999999999 0.32095999999999997 0.32161999999999996 0.32054000000000005 0.3215799999999999 0.32099000000000005 0.2930199999999999 
0.0004100000000000004 3.0934700000000004 2.0148600000000005 0.7963899999999998 0.8576600000000003 0.8576600000000003 0.0 0.0005300000000000005 0.0005700000000000004 0.0005800000000000007 0.0005400000000000005 0.0005500000000000004 0.0005600000000000005 0.0005200000000000005 0.0004800000000000005 3.0820299999999996 3.096579999999999 3.083999999999999 3.0576999999999996 3.07741 3.0656099999999995 3.05398 3.0681599999999998 3.07583 3.07378 2.0150500000000005 2.01522 2.015240000000001 2.0152400000000004 2.015049999999999 2.0149800000000013 2.0147000000000004 2.014660000000001 2.014770000000001 2.014650000000001 0.7964800000000001 0.7959400000000003 0.7968199999999999 0.7964199999999997 0.7965699999999998 0.79618 0.7965699999999997 0.79642 0.7964300000000003 0.79656 0.7195100000000006 0.7188200000000001 0.7194799999999999 0.7191000000000004 0.7188600000000004 0.71882 0.7189900000000001 0.7185200000000002 0.63963 
0.0004300000000000005 3.1862799999999982 2.0148400000000004 0.79482 0.8568399999999997 0.8568399999999997 0.0005300000000000005 0.0 0.0005900000000000007 0.0005900000000000007 0.0004900000000000004 0.0005300000000000005 0.0005600000000000005 0.0004600000000000005 0.0004800000000000004 3.122659999999998 3.1250999999999993 3.110459999999998 3.117089999999998 3.127 3.113139999999998 3.1218999999999992 3.1344499999999997 3.1520699999999997 3.1014199999999974 2.0149600000000008 2.0150299999999994 2.0152299999999994 2.015090000000001 2.0148799999999985 2.0147700000000013 2.0145200000000014 2.0145400000000007 2.0147000000000017 2.0145199999999996 0.7949299999999997 0.7946600000000006 0.7953799999999995 0.7950399999999996 0.7952099999999995 0.7946599999999998 0.7951100000000001 0.7948699999999997 0.7950999999999995 0.7951399999999998 0.7183399999999998 0.7177700000000001 0.7184999999999999 0.7179800000000003 0.7176300000000001 0.71774 0.7179199999999996 0.7174799999999997 0.6387400000000001 
0.0004300000000000005 3.1037000000000003 2.015170000000001 0.7967499999999998 0.8579600000000006 0.8579600000000006 0.0005700000000000004 0.0005900000000000007 0.0 0.0006300000000000007 0.0006200000000000008 0.0005500000000000005 0.0005300000000000004 0.0005600000000000005 0.0005700000000000005 3.08325 3.0781199999999993 3.0782800000000003 3.069599999999999 3.07879 3.0801399999999997 3.074759999999999 3.0803699999999994 3.0766400000000007 3.07547 2.0153299999999996 2.0154500000000004 2.0155900000000004 2.0155 2.0154099999999993 2.01532 2.0148800000000002 2.01497 2.0151 2.014920000000001 0.7967999999999998 0.7964 0.79722 0.7967499999999998 0.7969199999999995 0.7964 0.7968999999999998 0.7967500000000006 0.7968100000000002 0.7968500000000001 0.7196100000000006 0.71903 0.7197699999999998 0.7192800000000003 0.7189400000000002 0.7188899999999999 0.7192100000000008 0.7188000000000001 0.6397500000000002 
0.0004400000000000005 3.123850000000001 2.016820000000001 0.7971400000000001 0.8581400000000001 0.8581400000000001 0.0005800000000000007 0.0005900000000000007 0.0006300000000000007 0.0 0.0006100000000000007 0.0005900000000000007 0.0005800000000000005 0.0005100000000000005 0.0006000000000000007 3.09813 3.102089999999999 3.113090000000002 3.0827499999999994 3.0959 3.095220000000001 3.089149999999999 3.0852599999999986 3.0830500000000014 3.0937200000000002 2.0171499999999996 2.0171900000000003 2.0173099999999997 2.01731 2.017159999999999 2.01695 2.016649999999999 2.01685 2.016839999999999 2.0166999999999997 0.79722 0.7967899999999997 0.79762 0.79721 0.7973199999999996 0.7968699999999999 0.7972400000000001 0.7970200000000005 0.7973200000000001 0.7972499999999997 0.7199400000000001 0.7192900000000002 0.7200900000000002 0.7195300000000002 0.7191600000000001 0.7192000000000002 0.7193600000000007 0.7189800000000002 0.6399800000000002 
0.00042000000000000045 3.102559999999998 2.0133300000000003 0.7955800000000001 0.8570599999999995 0.8570599999999995 0.0005400000000000005 0.0004900000000000004 0.0006200000000000008 0.0006100000000000007 0.0 0.0005200000000000004 0.0005400000000000003 0.0005200000000000006 0.0005400000000000005 3.080569999999999 3.0849399999999996 3.068309999999999 3.0666499999999988 3.0760199999999984 3.078339999999998 3.0863000000000005 3.066979999999999 3.0802700000000005 3.0726999999999984 2.0135499999999986 2.0137199999999997 2.0137199999999993 2.0137600000000004 2.0136199999999995 2.0133799999999993 2.0130599999999994 2.013270000000001 2.0132199999999996 2.013150000000001 0.7956199999999998 0.7951500000000001 0.7959499999999995 0.7956699999999997 0.7957499999999992 0.79541 0.7957000000000002 0.7954099999999998 0.7956599999999996 0.7957699999999999 0.7188999999999998 0.7183000000000002 0.7189600000000002 0.7185500000000004 0.71815 0.71819 0.7185099999999998 0.7179699999999999 0.6392199999999999 
0.0004700000000000006 3.1228400000000005 2.01609 0.7960699999999998 0.8576000000000004 0.8576000000000004 0.0005500000000000004 0.0005300000000000005 0.0005500000000000005 0.0005900000000000007 0.0005200000000000004 0.0 0.0005600000000000005 0.0005800000000000005 0.0005200000000000005 3.096500000000001 3.094009999999999 3.112329999999999 3.081259999999999 3.1104399999999996 3.1004599999999995 3.10996 3.121769999999999 3.0812800000000014 3.0922799999999993 2.016229999999999 2.016300000000001 2.0164699999999987 2.0163799999999976 2.0162599999999986 2.0161399999999996 2.015830000000001 2.015769999999997 2.0159299999999973 2.01583 0.7962299999999997 0.7957700000000001 0.7965200000000002 0.79614 0.7963199999999997 0.7958499999999998 0.7961799999999996 0.7960800000000005 0.7961500000000004 0.7963300000000001 0.7192200000000003 0.7184599999999999 0.7192799999999999 0.7187600000000003 0.7183800000000002 0.7184799999999998 0.7187000000000007 0.7181399999999999 0.6393000000000002 
0.00045000000000000053 3.1273499999999994 2.0133000000000005 0.7983799999999996 0.8587099999999998 0.8587099999999998 0.0005600000000000005 0.0005600000000000005 0.0005300000000000004 0.0005800000000000005 0.0005400000000000003 0.0005600000000000005 0.0 0.0005700000000000006 0.0006100000000000005 3.0994499999999996 3.1035499999999994 3.1143100000000006 3.084490000000001 3.1122999999999985 3.0819100000000024 3.1120800000000015 3.1032100000000007 3.1102699999999994 3.0948799999999994 2.0133400000000012 2.013499999999999 2.0135899999999998 2.0136000000000007 2.01347 2.01327 2.0129700000000006 2.0130100000000004 2.013149999999999 2.0129599999999996 0.7985399999999999 0.7980499999999996 0.79887 0.7984600000000001 0.7986200000000001 0.79819 0.7985899999999998 0.7984600000000003 0.7985200000000003 0.7985999999999999 0.7210400000000003 0.7203400000000002 0.7210600000000004 0.7205999999999999 0.7202800000000003 0.7202700000000001 0.7204600000000007 0.7200400000000002 0.6409700000000004 
0.00038000000000000035 3.15748 2.0155600000000016 0.7959699999999998 0.8573199999999999 0.8573199999999999 0.0005200000000000005 0.0004600000000000005 0.0005600000000000005 0.0005100000000000005 0.0005200000000000006 0.0005800000000000005 0.0005700000000000006 0.0 0.00048000000000000045 3.123569999999999 3.1190199999999995 3.1210199999999997 3.1186299999999982 3.1090999999999998 3.1004299999999985 3.128249999999999 3.1353599999999995 3.135760000000001 3.09152 2.01584 2.01579 2.0160000000000005 2.015960000000001 2.01583 2.0156799999999997 2.015299999999999 2.0154400000000012 2.0154500000000017 2.015380000000001 0.79601 0.7957000000000005 0.79637 0.7960399999999996 0.7962099999999995 0.7957899999999998 0.7960799999999999 0.79574 0.7961099999999998 0.79612 0.7191400000000004 0.7185400000000003 0.7192599999999998 0.7188000000000003 0.7184700000000004 0.7184499999999997 0.71868 0.71819 0.63942 
0.00042000000000000045 3.13295 2.0138700000000007 0.7966299999999998 0.8576200000000003 0.8576200000000003 0.0004800000000000005 0.0004800000000000004 0.0005700000000000005 0.0006000000000000007 0.0005400000000000005 0.0005200000000000005 0.0006100000000000005 0.00048000000000000045 0.0 3.12434 3.096679999999999 3.112260000000001 3.068439999999999 3.10952 3.07952 3.1145699999999983 3.11903 3.105640000000001 3.0737500000000004 2.0141400000000007 2.01415 2.01426 2.014160000000001 2.0140599999999993 2.01388 2.01362 2.01359 2.0137300000000002 2.0136000000000016 0.7966199999999999 0.7961500000000004 0.7970199999999997 0.79654 0.7967299999999995 0.7962800000000002 0.7967299999999999 0.79656 0.7967 0.7967000000000003 0.7196200000000007 0.7189300000000003 0.7197300000000003 0.7192400000000004 0.7188600000000004 0.7188999999999999 0.7190200000000001 0.7186099999999999 0.6397499999999999 
3.054790000000001 0.003410000000000008 13.228449999999995 2.170279999999999 3.5112999999999994 3.5112999999999994 3.06261 3.0945899999999984 3.05453 3.0644900000000006 3.0526699999999987 3.06252 3.0845199999999995 3.073119999999999 3.05419 0.0 0.004539999999999993 0.004509999999999993 0.00462999999999999 0.004639999999999992 0.004789999999999986 0.004519999999999995 0.004739999999999989 0.0046999999999999854 0.004569999999999988 13.211579999999989 11.975280000000009 13.203310000000002 13.221409999999988 10.944189999999994 11.983509999999994 13.225929999999991 13.222959999999993 13.230489999999993 13.229799999999997 2.2826300000000015 2.254059999999998 2.279740000000001 2.25752 2.2799499999999995 2.304200000000002 2.2690000000000015 2.284770000000003 2.2784000000000013 2.2605899999999997 2.68645 2.66393 2.64177 2.6794999999999995 2.65227 2.682559999999998 2.62751 2.691539999999997 2.8566799999999994 
3.0580699999999994 0.0036200000000000086 13.226830000000007 2.1315699999999986 3.488460000000001 3.488460000000001 3.064549999999999 3.0992399999999996 3.06491 3.079259999999999 3.0632699999999997 3.077769999999999 3.0846799999999996 3.095629999999999 3.0434999999999994 0.004539999999999993 0.0 0.004529999999999993 0.004649999999999988 0.004559999999999994 0.0044299999999999964 0.004429999999999997 0.004489999999999999 0.004559999999999994 0.004589999999999992 13.210659999999997 13.203929999999994 13.201889999999997 13.211680000000008 11.620150000000022 13.214989999999997 13.21822000000001 13.221380000000003 13.218230000000002 13.200429999999997 2.24497 2.278499999999998 2.242369999999998 2.258759999999998 2.2677299999999985 2.244570000000002 2.2724 2.2075700000000014 2.261680000000001 2.2481700000000004 2.640519999999999 2.633319999999999 2.63111 2.6397700000000017 2.65438 2.6864399999999993 2.639370000000001 2.667360000000001 2.830760000000002 
3.0470300000000012 0.0035300000000000084 13.227689999999994 2.14541 3.4908899999999994 3.4908899999999994 3.050439999999999 3.067969999999998 3.051350000000001 3.072020000000001 3.0631199999999987 3.069469999999999 3.07325 3.1113199999999996 3.0509900000000005 0.004509999999999993 0.004529999999999993 0.0 0.004679999999999991 0.004969999999999987 0.004889999999999986 0.004729999999999986 0.004519999999999994 0.0045299999999999915 0.004689999999999992 13.212339999999998 13.20529 13.20286 13.21796 11.380570000000008 13.230709999999986 13.225030000000006 13.228540000000002 13.229639999999987 13.190049999999998 2.259600000000001 2.3082599999999993 2.23669 2.2665099999999985 2.2438499999999975 2.273200000000001 2.30066 2.254810000000001 2.2911500000000022 2.279939999999999 2.6949600000000005 2.648609999999999 2.6163799999999973 2.6421599999999974 2.63006 2.63883 2.6271300000000006 2.6728599999999973 2.8567799999999983 
3.0496499999999997 0.0034800000000000083 13.227679999999987 2.134570000000002 3.48585 3.48585 3.0572399999999997 3.0795399999999984 3.0579499999999995 3.05898 3.047789999999999 3.0572299999999992 3.060910000000001 3.0563599999999993 3.0572600000000003 0.00462999999999999 0.004649999999999988 0.004679999999999991 0.0 0.004679999999999993 0.004449999999999993 0.004649999999999988 0.004489999999999995 0.004589999999999992 0.004519999999999994 13.21181 13.202829999999999 13.20266 13.220869999999996 11.621970000000001 13.230729999999985 13.216739999999993 13.222419999999989 13.22984999999999 13.200969999999993 2.2249000000000003 2.247289999999999 2.2553099999999993 2.270640000000001 2.236590000000001 2.2494300000000003 2.29843 2.20787 2.24382 2.227199999999999 2.6457800000000016 2.615440000000001 2.6426600000000007 2.6228 2.605430000000001 2.613680000000002 2.604360000000001 2.6036699999999997 2.8134500000000022 
3.0586500000000005 0.0036200000000000086 13.23030999999999 2.1540600000000008 3.499339999999997 3.499339999999997 3.06039 3.1079800000000004 3.0743500000000004 3.0717 3.0561199999999995 3.0779699999999997 3.0772199999999996 3.077129999999999 3.07005 0.004639999999999992 0.004559999999999994 0.004969999999999987 0.004679999999999993 0.0 0.004679999999999995 0.0044999999999999945 0.0046499999999999935 0.004819999999999987 0.004849999999999984 13.215319999999984 11.635369999999988 13.203879999999993 13.214989999999991 11.652519999999994 13.220409999999982 13.218909999999992 13.224979999999988 13.221919999999992 13.192509999999993 2.283310000000001 2.273850000000001 2.2720499999999997 2.2635700000000005 2.22419 2.308030000000001 2.311010000000001 2.2696900000000015 2.2817800000000017 2.2707500000000005 2.679159999999999 2.6638299999999995 2.6574099999999996 2.656689999999997 2.64333 2.6571800000000008 2.611330000000001 2.6476499999999956 2.84392 
3.05846 0.0036000000000000086 13.215349999999983 2.1076699999999997 3.43786 3.43786 3.0666499999999997 3.0639299999999974 3.05796 3.067810000000001 3.0567899999999986 3.0659899999999998 3.0827700000000027 3.0784499999999984 3.06683 0.004789999999999986 0.0044299999999999964 0.004889999999999986 0.004449999999999993 0.004679999999999995 0.0 0.004579999999999994 0.004469999999999998 0.004459999999999992 0.004489999999999994 13.212649999999982 13.205309999999983 13.211559999999986 13.214009999999982 11.774669999999995 13.21811999999998 13.21516999999999 13.22530999999998 13.219489999999984 13.206089999999985 2.2196999999999996 2.2552399999999984 2.1972399999999994 2.244580000000002 2.2419 2.25555 2.242209999999999 2.2155199999999997 2.2041 2.2138799999999996 2.649420000000001 2.5805099999999994 2.6205399999999996 2.6081699999999994 2.590800000000001 2.5945900000000006 2.5930200000000005 2.5993699999999986 2.8099800000000017 
3.049949999999998 0.003400000000000008 13.118499999999992 2.1917199999999992 3.4939599999999995 3.4939599999999995 3.0535400000000004 3.10798 3.0497699999999988 3.0558199999999998 3.0526899999999997 3.05401 3.0571400000000013 3.086899999999999 3.0539599999999987 0.004479999999999996 0.004429999999999997 0.004729999999999986 0.004649999999999988 0.0044999999999999945 0.004579999999999994 0.0 0.004539999999999993 0.004539999999999993 0.004609999999999993 13.207149999999984 11.603060000000013 13.106919999999993 13.210560000000003 11.61903000000001 11.647220000000006 13.211600000000004 13.211599999999997 13.215479999999982 13.200249999999995 2.2454 2.24325 2.2417699999999994 2.240650000000001 2.24914 2.2776400000000003 2.2972799999999998 2.2325799999999996 2.2692299999999994 2.298210000000001 2.6671999999999993 2.6421399999999964 2.6279299999999983 2.6418099999999987 2.6194200000000016 2.6365299999999996 2.6456000000000026 2.648239999999998 2.8278900000000022 
3.0518099999999992 0.003410000000000008 13.219459999999973 2.1330300000000015 3.397429999999998 3.397429999999998 3.06451 3.0989400000000002 3.064879999999999 3.0697199999999984 3.04967 3.06431 3.0711399999999998 3.0792799999999994 3.0647100000000003 0.004739999999999989 0.004489999999999999 0.004519999999999994 0.004489999999999995 0.0046499999999999935 0.004469999999999998 0.004539999999999993 0.0 0.004559999999999993 0.004709999999999991 13.11869999999999 13.105779999999994 13.11201999999998 13.215679999999978 11.77448999999999 13.21807999999998 13.216299999999986 13.219629999999968 13.22054999999999 13.192579999999992 2.1844899999999994 2.1843000000000004 2.196660000000001 2.1873500000000003 2.1604 2.212789999999999 2.223309999999999 2.15429 2.184759999999998 2.1620500000000007 2.6682200000000016 2.6099099999999984 2.5379999999999994 2.6372199999999983 2.6251499999999988 2.612890000000001 2.6345999999999985 2.6395100000000005 2.8306599999999995 
3.051910000000001 0.0034900000000000083 13.15058999999999 2.15446 3.5081499999999988 3.5081499999999988 3.0511200000000005 3.1057099999999997 3.0518000000000005 3.0592800000000016 3.0561000000000007 3.0756600000000014 3.0792499999999996 3.075190000000001 3.0576000000000008 0.0046999999999999854 0.004559999999999994 0.0045299999999999915 0.004589999999999992 0.004819999999999987 0.004459999999999992 0.004539999999999993 0.004559999999999993 0.0 0.00463999999999999 13.141609999999982 13.132049999999982 13.137079999999992 13.21680999999999 11.481839999999993 13.148059999999978 13.214249999999996 13.224149999999979 13.221719999999982 13.198579999999986 2.268060000000002 2.267339999999999 2.2481799999999987 2.299999999999997 2.2367499999999985 2.2914999999999996 2.2640400000000014 2.2702399999999994 2.3010699999999984 2.2768499999999987 2.6991999999999985 2.668769999999997 2.6589399999999968 2.6583699999999975 2.6585500000000026 2.685599999999997 2.64344 2.6818399999999993 2.8891 
3.0469700000000004 0.0035300000000000084 13.215039999999988 2.19809 3.52103 3.52103 3.05554 3.0901499999999973 3.0564500000000003 3.0576800000000004 3.0543899999999984 3.062429999999999 3.0769899999999994 3.07307 3.0738200000000004 0.004569999999999988 0.004589999999999992 0.004689999999999992 0.004519999999999994 0.004849999999999984 0.004489999999999994 0.004609999999999993 0.004709999999999991 0.00463999999999999 0.0 13.210099999999986 12.400489999999996 13.202229999999997 13.213459999999998 10.98755 13.211019999999992 13.211609999999997 13.22208 13.21267999999999 13.188050000000008 2.253869999999999 2.3088299999999986 2.28342 2.3066399999999967 2.242209999999998 2.2721599999999986 2.271450000000001 2.26455 2.27909 2.2409399999999993 2.6950099999999995 2.6749199999999997 2.63683 2.6519699999999995 2.682930000000001 2.673630000000001 2.6686700000000023 2.662440000000002 2.8804999999999974 
2.0150300000000008 13.190829999999995 0.0029000000000000067 6.236439999999998 4.590229999999998 4.590229999999998 2.0150500000000005 2.0149600000000008 2.0153299999999996 2.0171499999999996 2.0135499999999986 2.016229999999999 2.0133400000000012 2.0301799999999997 2.0141400000000007 13.202489999999992 13.193839999999998 13.20169 13.194660000000002 13.197279999999974 13.19694999999998 13.195109999999993 13.198089999999972 13.196779999999983 13.194299999999991 0.0 0.003740000000000009 0.003680000000000009 0.003820000000000009 0.003790000000000009 0.0036000000000000086 0.003710000000000009 0.0036700000000000088 0.003710000000000009 0.0038100000000000087 6.264989999999995 6.238440000000006 6.235699999999997 6.238680000000007 6.268000000000004 6.234569999999997 6.235029999999998 6.2492 6.23299 6.235889999999996 4.661889999999993 4.798189999999994 4.663659999999995 4.663979999999999 4.802200000000002 5.354739999999998 4.666419999999997 5.357919999999995 4.332879999999992 
2.0149399999999997 13.183189999999993 0.0029100000000000068 6.226300000000001 4.456909999999995 4.456909999999995 2.01522 2.0150299999999994 2.0154500000000004 2.0171900000000003 2.0137199999999997 2.016300000000001 2.013499999999999 2.01579 2.01415 13.183169999999993 13.18127 13.182250000000002 13.182629999999996 13.18528999999998 13.185149999999986 13.182190000000002 13.185799999999988 13.18460999999997 13.182449999999998 0.003740000000000009 0.0 0.003700000000000009 0.003800000000000009 0.0037900000000000086 0.003710000000000009 0.003840000000000009 0.003710000000000009 0.003720000000000009 0.003840000000000009 6.2239900000000015 6.229270000000002 6.224990000000001 6.228190000000004 6.2281700000000075 6.223470000000004 6.224130000000001 6.223090000000005 6.223290000000005 6.225410000000002 4.796969999999993 4.798379999999998 4.6636999999999995 4.664339999999998 5.324489999999998 4.798169999999994 4.66646 4.93818 4.333169999999993 
2.01521 13.184610000000001 0.0028300000000000066 6.227129999999999 4.590659999999997 4.590659999999997 2.015240000000001 2.0152299999999994 2.0155900000000004 2.0173099999999997 2.0137199999999993 2.0164699999999987 2.0135899999999998 2.0160000000000005 2.01426 13.191429999999997 13.182819999999994 13.183580000000001 13.184069999999993 13.197459999999994 13.186669999999987 13.183709999999992 13.187429999999985 13.186149999999989 13.183849999999993 0.003680000000000009 0.003700000000000009 0.0 0.0037600000000000086 0.0036700000000000083 0.0036200000000000086 0.003870000000000009 0.0037900000000000086 0.0036200000000000086 0.003850000000000009 6.224740000000001 6.228269999999993 6.225789999999998 6.229069999999995 6.228979999999994 6.224360000000003 6.224860000000002 6.226230000000001 6.2241800000000085 6.22628 4.662219999999993 4.798449999999997 4.663980000000001 4.664209999999999 5.3607700000000005 4.798309999999999 4.666679999999996 4.754879999999996 4.333139999999996 
2.0301400000000003 13.190910000000002 0.0028800000000000067 6.229530000000002 4.503160000000001 4.503160000000001 2.0152400000000004 2.015090000000001 2.0155 2.01731 2.0137600000000004 2.0163799999999976 2.0136000000000007 2.030360000000001 2.014160000000001 13.210179999999994 13.19926000000001 13.200000000000005 13.199679999999992 13.201449999999992 13.203639999999984 13.199329999999998 13.201919999999976 13.200479999999986 13.200409999999998 0.003820000000000009 0.003800000000000009 0.0037600000000000086 0.0 0.0035400000000000084 0.0039900000000000066 0.003760000000000009 0.003930000000000008 0.003430000000000008 0.0038900000000000093 6.266099999999998 6.231599999999999 6.2570099999999975 6.259479999999997 6.268359999999996 6.2273299999999985 6.227260000000006 6.227849999999996 6.262380000000002 6.2578 5.352109999999996 4.797819999999992 5.354199999999998 4.797639999999995 5.35946 5.351769999999998 4.800399999999999 5.355499999999998 4.332809999999996 
2.0149500000000002 13.190889999999982 0.0028700000000000067 6.229969999999999 4.456669999999999 4.456669999999999 2.015049999999999 2.0148799999999985 2.0154099999999993 2.017159999999999 2.0136199999999995 2.0162599999999986 2.01347 2.01583 2.0140599999999993 13.214209999999992 13.20712000000002 13.207330000000004 13.207959999999996 13.209599999999982 13.210819999999982 13.207909999999995 13.21103999999998 13.140779999999983 13.204970000000005 0.003790000000000009 0.0037900000000000086 0.0036700000000000083 0.0035400000000000084 0.0 0.0037700000000000086 0.0036300000000000087 0.003760000000000009 0.0035900000000000085 0.003740000000000009 6.266790000000003 6.2310399999999975 6.257070000000001 6.259879999999995 6.261150000000005 6.256070000000003 6.241350000000002 6.256970000000003 6.2630500000000096 6.258120000000004 4.662099999999995 4.665019999999999 4.663640000000002 4.66353 4.757719999999994 4.662389999999999 4.666639999999996 4.663409999999998 4.333159999999995 
2.01468 13.188729999999989 0.0028400000000000066 6.2283900000000045 4.590279999999999 4.590279999999999 2.0149800000000013 2.0147700000000013 2.01532 2.01695 2.0133799999999993 2.0161399999999996 2.01327 2.0156799999999997 2.01388 13.203519999999989 13.201079999999997 13.202779999999988 13.193279999999989 13.204339999999986 13.194759999999983 13.195069999999989 13.196919999999977 13.194719999999974 13.192149999999996 0.0036000000000000086 0.003710000000000009 0.0036200000000000086 0.0039900000000000066 0.0037700000000000086 0.0 0.003870000000000009 0.0038600000000000093 0.0036200000000000086 0.003690000000000009 6.333910000000002 6.230549999999998 6.228780000000001 6.229510000000003 6.266539999999996 6.225570000000009 6.225850000000006 6.249270000000004 6.2251699999999985 6.227320000000002 4.662049999999997 4.7967899999999934 4.663070000000001 4.663489999999998 4.800400000000002 4.6613099999999985 4.665519999999999 4.663539999999998 4.332459999999995 
2.01448 13.186819999999997 0.0028700000000000067 6.2284299999999995 4.502949999999994 4.502949999999994 2.0147000000000004 2.0296600000000007 2.0148800000000002 2.016649999999999 2.0279699999999985 2.015830000000001 2.02796 2.0296999999999996 2.01362 13.20614999999999 13.199930000000009 13.213180000000007 13.207559999999992 13.205489999999992 13.20306999999999 13.201230000000002 13.206639999999984 13.205689999999997 13.201239999999999 0.003710000000000009 0.003840000000000009 0.003870000000000009 0.003760000000000009 0.0036300000000000087 0.003870000000000009 0.0 0.0037000000000000084 0.0035400000000000084 0.003590000000000008 6.267389999999999 6.231009999999999 6.250349999999997 6.230089999999997 6.269100000000004 6.226880000000002 6.226779999999997 6.241390000000002 6.24742 6.267199999999998 5.352279999999993 5.353509999999996 5.353900000000001 4.797250000000007 5.359849999999997 5.3521999999999945 4.799259999999998 5.355090000000003 4.845650000000002 
2.014410000000001 13.191419999999987 0.0027300000000000063 6.229949999999994 4.588739999999995 4.588739999999995 2.014660000000001 2.0145400000000007 2.01497 2.01685 2.013270000000001 2.015769999999997 2.0130100000000004 2.0297900000000006 2.01359 13.218319999999988 13.217000000000002 13.217820000000003 13.199999999999985 13.201429999999988 13.206309999999979 13.202959999999997 13.20555999999997 13.208469999999975 13.202399999999995 0.0036700000000000088 0.003710000000000009 0.0037900000000000086 0.003930000000000008 0.003760000000000009 0.0038600000000000093 0.0037000000000000084 0.0 0.003700000000000009 0.003900000000000009 6.297900000000002 6.2321299999999935 6.293439999999993 6.231489999999998 6.299209999999997 6.228520000000004 6.22844 6.256300000000002 6.226740000000001 6.296579999999992 5.35357 4.796349999999993 4.661999999999993 4.662889999999994 4.800710000000006 5.353400000000001 4.6654700000000044 5.356309999999993 4.331399999999991 
2.014530000000001 13.191439999999998 0.002930000000000007 6.230420000000001 4.588379999999996 4.588379999999996 2.014770000000001 2.0147000000000017 2.0151 2.016839999999999 2.0132199999999996 2.0159299999999973 2.013149999999999 2.0154500000000017 2.0137300000000002 13.20951999999999 13.207090000000004 13.222869999999988 13.20665999999999 13.207179999999989 13.213209999999984 13.205159999999982 13.207949999999991 13.20712999999998 13.204329999999993 0.003710000000000009 0.003720000000000009 0.0036200000000000086 0.003430000000000008 0.0035900000000000085 0.0036200000000000086 0.0035400000000000084 0.003700000000000009 0.0 0.003600000000000008 6.290659999999999 6.2330099999999975 6.231009999999994 6.23232 6.233740000000003 6.22822 6.229050000000002 6.229409999999995 6.240440000000003 6.231479999999996 4.660069999999993 4.795620000000005 4.661840000000003 4.662219999999991 4.799159999999996 5.353079999999993 4.664129999999995 5.356669999999994 4.3312799999999925 
2.014480000000001 13.184069999999995 0.0028900000000000067 6.226899999999997 4.589209999999993 4.589209999999993 2.014650000000001 2.0145199999999996 2.014920000000001 2.0166999999999997 2.0280900000000006 2.01583 2.0129599999999996 2.0297300000000003 2.0136000000000016 13.183939999999993 13.18206 13.182810000000002 13.183329999999993 13.185859999999993 13.185739999999992 13.182780000000006 13.18636 13.18558999999998 13.182850000000009 0.003850000000000009 0.003840000000000009 0.003850000000000009 0.0038900000000000093 0.003740000000000009 0.003690000000000009 0.003590000000000008 0.003900000000000009 0.003600000000000008 0.0 6.224539999999999 6.228940000000003 6.225429999999994 6.228750000000003 6.228690000000002 6.224060000000002 6.22456 6.223790000000004 6.223940000000004 6.226029999999997 5.353819999999994 4.797699999999995 4.663199999999998 4.663409999999993 4.801529999999998 5.353689999999996 4.664749999999999 5.3572799999999985 4.3323599999999916 
0.79669 2.486120000000002 6.332689999999997 0.0017000000000000038 0.45442000000000005 0.45442000000000005 0.7964800000000001 0.7949299999999997 0.7967999999999998 0.79722 0.7956199999999998 0.7962299999999997 0.7985399999999999 0.79601 0.7966199999999999 2.2697900000000018 2.2911300000000008 2.2558500000000006 2.2275100000000005 2.28146 2.2421599999999997 2.24243 2.275089999999999 2.30171 2.29147 6.265329999999995 6.297360000000004 6.297790000000001 6.298099999999998 5.261240000000002 6.333910000000002 6.331749999999998 6.3332000000000015 6.334059999999996 6.224539999999999 0.0 0.0023000000000000047 0.0022500000000000046 0.0022700000000000047 0.002400000000000005 0.0023600000000000053 0.0022200000000000045 0.002270000000000005 0.002320000000000005 0.002420000000000005 0.08534000000000001 0.08448999999999998 0.08538000000000005 0.08332999999999996 0.08321999999999993 0.08429000000000006 0.08520999999999988 0.08437999999999993 0.10974999999999993 
0.7961700000000004 2.2179099999999985 6.231659999999995 0.001770000000000004 0.45068999999999987 0.45068999999999987 0.7959400000000003 0.7946600000000006 0.7964 0.7967899999999997 0.7951500000000001 0.7957700000000001 0.7980499999999996 0.7957000000000005 0.7961500000000004 2.296749999999998 2.319599999999998 2.2620199999999997 2.26231 2.3163600000000004 2.2568499999999987 2.26837 2.28081 2.3232699999999995 2.309579999999999 6.269880000000004 5.896330000000001 6.230169999999992 6.247609999999999 5.930079999999999 5.897399999999997 6.244699999999999 6.270309999999994 5.913780000000001 6.228940000000003 0.0023000000000000047 0.0 0.0022400000000000046 0.002430000000000005 0.0023000000000000047 0.002390000000000005 0.002380000000000005 0.002400000000000005 0.0022500000000000046 0.002430000000000005 0.08485000000000008 0.08503999999999995 0.08468999999999999 0.08441999999999995 0.08254999999999997 0.08717999999999995 0.08404999999999985 0.08315000000000002 0.10747999999999992 
0.7971399999999996 2.1872900000000004 6.327149999999996 0.001770000000000004 0.44726 0.44726 0.7968199999999999 0.7953799999999995 0.79722 0.79762 0.7959499999999995 0.7965200000000002 0.79887 0.79637 0.7970199999999997 2.2774599999999996 2.27465 2.2666 2.2453599999999994 2.278810000000001 2.26472 2.23661 2.16723 2.276019999999999 2.3006999999999995 6.2658399999999945 6.227530000000001 6.228159999999997 6.29539 5.861229999999999 6.32703 6.287539999999997 6.298699999999992 6.328419999999993 6.262469999999993 0.0022500000000000046 0.0022400000000000046 0.0 0.002230000000000005 0.002430000000000005 0.002260000000000005 0.002380000000000005 0.002200000000000005 0.0022900000000000047 0.0023300000000000052 0.08313000000000004 0.08306999999999995 0.08351000000000001 0.08289999999999992 0.08042999999999995 0.08223000000000001 0.07927999999999992 0.08239999999999997 0.10879999999999984 
0.7965999999999998 2.2360299999999977 6.331959999999996 0.0016900000000000038 0.4529099999999996 0.4529099999999996 0.7964199999999997 0.7950399999999996 0.7967499999999998 0.79721 0.7956699999999997 0.79614 0.7984600000000001 0.7960399999999996 0.79654 2.272979999999999 2.268499999999999 2.2865299999999986 2.259270000000002 2.287310000000001 2.236170000000001 2.2731599999999994 2.2786199999999996 2.3106999999999984 2.3163899999999975 6.269490000000009 6.228430000000002 6.229869999999995 6.300379999999998 6.272349999999995 6.334130000000004 6.290929999999996 6.300519999999997 6.333399999999998 6.228870000000003 0.0022700000000000047 0.002430000000000005 0.002230000000000005 0.0 0.002230000000000005 0.0024000000000000054 0.0023100000000000048 0.0021300000000000047 0.002240000000000005 0.0022500000000000046 0.08524999999999994 0.08310999999999992 0.08400999999999993 0.08421999999999989 0.07989999999999996 0.08367999999999999 0.08301999999999995 0.08426999999999991 0.10946999999999997 
0.7967799999999996 2.2219899999999972 6.332709999999996 0.001780000000000004 0.4512199999999999 0.4512199999999999 0.7965699999999998 0.7952099999999995 0.7969199999999995 0.7973199999999996 0.7957499999999992 0.7963199999999997 0.7986200000000001 0.7962099999999995 0.7967299999999995 2.2645599999999977 2.271879999999998 2.3181399999999983 2.253270000000001 2.2945099999999994 2.2654400000000003 2.285109999999999 2.2718 2.3210099999999976 2.2868799999999996 6.268280000000004 6.297690000000005 6.2989799999999905 6.300409999999996 6.3357300000000025 6.333609999999997 6.292600000000004 6.305299999999996 6.334110000000001 6.2671600000000005 0.002400000000000005 0.0023000000000000047 0.002430000000000005 0.002230000000000005 0.0 0.002200000000000005 0.002170000000000005 0.002370000000000005 0.002340000000000005 0.002220000000000005 0.08636999999999997 0.08501000000000011 0.08370000000000008 0.08086000000000007 0.08110999999999999 0.08405999999999997 0.08238 0.08545999999999998 0.11016999999999993 
0.7964100000000002 2.2931800000000018 6.329550000000001 0.001800000000000004 0.44958999999999993 0.44958999999999993 0.79618 0.7946599999999998 0.7964 0.7968699999999999 0.79541 0.7958499999999998 0.79819 0.7957899999999998 0.7962800000000002 2.287770000000001 2.3121800000000037 2.3136400000000017 2.286320000000001 2.3149100000000002 2.2990500000000003 2.30535 2.307369999999998 2.322 2.34784 6.263779999999997 6.223470000000004 6.226830000000003 6.266699999999999 6.098420000000004 6.263750000000004 6.266800000000001 6.297810000000005 6.329029999999998 6.224060000000002 0.0023600000000000053 0.002390000000000005 0.002260000000000005 0.0024000000000000054 0.002200000000000005 0.0 0.0021200000000000047 0.002340000000000005 0.0023700000000000053 0.002230000000000005 0.08088000000000001 0.08230000000000003 0.08141000000000005 0.07928999999999997 0.08129 0.08256999999999998 0.08369999999999997 0.08268 0.10913999999999986 
